===============================================================================================================================
 Case |          ExaModels (single)           |          ExaModels (multi)            |           ExaModels (gpu)             |
      |  obj     con    grad     jac    hess  |  obj     con    grad     jac    hess  |  obj     con    grad     jac    hess  |
===============================================================================================================================
  LV1 |1.9e-06 2.4e-06 2.5e-06 3.7e-06 4.3e-05|5.2e-06 4.9e-06 6.6e-06 7.1e-06 4.8e-05|3.7e-05 2.1e-05 1.1e-04 2.6e-05 5.0e-05|
  LV2 |1.6e-05 1.6e-05 1.4e-05 3.1e-05 3.9e-04|1.9e-05 1.8e-05 2.1e-05 3.2e-05 4.0e-04|4.7e-05 3.1e-05 4.3e-05 5.2e-05 8.1e-05|
  LV3 |1.7e-04 1.6e-04 1.4e-04 3.1e-04 6.4e-04|1.2e-04 9.7e-05 7.9e-05 1.1e-04 9.4e-04|4.8e-05 4.7e-05 4.3e-05 5.2e-05 8.3e-05|
  QR1 |9.8e-06 9.4e-06 7.6e-06 1.2e-05 4.9e-05|1.4e-05 2.8e-05 1.5e-05 3.0e-05 7.5e-05|6.4e-05 1.1e-04 6.3e-05 1.2e-04 1.9e-04|
  QR2 |4.2e-05 3.7e-05 2.8e-05 6.0e-05 1.2e-04|4.4e-05 4.9e-05 5.3e-05 7.5e-05 4.4e-04|7.1e-05 1.3e-04 6.3e-05 2.6e-04 5.3e-04|
  QR3 |3.6e-04 2.9e-04 2.3e-04 5.7e-04 1.9e-03|1.5e-04 1.8e-04 1.8e-04 3.5e-04 6.0e-04|8.1e-05 3.5e-04 8.5e-05 3.5e-04 5.2e-04|
  DC1 |9.8e-06 1.2e-05 9.9e-06 1.3e-05 3.2e-05|1.5e-05 3.3e-05 1.6e-05 3.4e-05 8.2e-05|6.2e-05 1.1e-04 6.0e-05 1.2e-04 1.5e-04|
  DC2 |8.8e-06 2.1e-05 8.9e-06 2.7e-05 4.2e-05|1.4e-05 9.2e-05 2.4e-05 7.6e-05 8.4e-05|5.5e-05 1.1e-04 5.6e-05 1.1e-04 1.6e-04|
  DC3 |6.5e-06 1.1e-04 9.0e-06 2.0e-04 5.0e-04|1.3e-05 1.0e-04 1.7e-05 1.4e-04 6.4e-04|5.7e-05 1.1e-04 4.9e-05 1.1e-04 1.6e-04|
  PF1 |8.2e-06 2.3e-05 6.4e-06 2.4e-05 3.3e-04|9.8e-06 5.5e-05 1.1e-05 5.7e-05 2.0e-04|4.4e-05 1.9e-04 4.0e-05 1.8e-04 2.2e-04|
  PF2 |1.6e-05 1.9e-04 1.4e-05 2.1e-04 4.5e-04|1.4e-05 2.2e-04 2.1e-05 2.1e-04 1.1e-03|5.0e-05 2.4e-04 4.8e-05 2.3e-04 5.2e-04|
  PF3 |1.0e-04 1.5e-03 8.6e-05 1.7e-03 2.9e-02|6.3e-05 6.0e-04 4.7e-05 6.6e-04 4.7e-03|6.4e-05 2.8e-04 4.8e-05 6.0e-04 7.1e-04|
===============================================================================================================================
 Case |                 JuMP                  |                 AMPL                  |
      |  obj     con    grad     jac    hess  |  obj     con    grad     jac    hess  |
=======================================================================================
  LV1 |6.4e-07 1.1e-06 2.3e-06 5.1e-06 7.9e-05|2.2e-06 7.1e-06 3.8e-06 1.1e-05 1.7e-04|
  LV2 |1.2e-06 4.0e-06 1.6e-05 5.9e-05 8.0e-04|2.5e-05 8.5e-05 5.0e-05 1.4e-04 1.7e-03|
  LV3 |5.9e-06 1.3e-04 1.9e-04 1.8e-03 1.4e-02|5.2e-04 2.0e-03 1.2e-03 3.4e-03 2.2e-02|
  QR1 |1.3e-06 2.5e-06 1.1e-06 1.7e-05 1.9e-04|7.2e-06 2.2e-05 6.5e-06 3.5e-05 2.2e-04|
  QR2 |6.9e-06 2.6e-05 7.1e-06 2.0e-04 2.4e-03|5.9e-05 2.0e-04 6.1e-05 3.4e-04 2.4e-03|
  QR3 |7.0e-05 6.0e-04 7.2e-05 4.7e-03 2.8e-02|1.0e-03 4.6e-03 1.1e-03 7.8e-03 3.1e-02|
  DC1 |4.4e-07 3.4e-06 3.2e-07 3.2e-06 1.9e-05|5.6e-06 1.8e-05 2.4e-06 3.1e-05 1.5e-04|
  DC2 |7.1e-07 2.6e-05 1.1e-06 2.7e-05 1.4e-05|1.3e-05 1.4e-04 3.2e-05 2.9e-04 3.1e-04|
  DC3 |2.6e-06 2.4e-04 5.9e-06 2.5e-04 2.1e-03|3.3e-04 3.7e-03 1.3e-03 7.3e-03 2.0e-02|
  PF1 |6.3e-07 1.2e-04 8.6e-07 6.6e-05 8.2e-04|2.4e-06 6.1e-05 2.3e-06 1.9e-04 1.2e-03|
  PF2 |8.2e-07 3.5e-03 3.7e-06 2.0e-03 1.5e-02|2.1e-05 1.2e-03 3.7e-05 2.5e-03 8.7e-03|
  PF3 |2.8e-06 2.5e-02 1.2e-05 1.6e-02 1.2e-01|4.3e-04 1.5e-02 6.3e-04 2.9e-02 2.9e-02|
=======================================================================================
  * commit : 08e69fd3a0d1631f1fc524b6d633516998323cbd
  * CPU    : 11th Gen Intel(R) Core(TM) i9-11900H @ 2.50GHz (nthreads = 4)
  * GPU    : NVIDIA GeForce RTX 3060 Laptop GPU
