===============================================================================================================================
 Case |          ExaModels (single)           |          ExaModels (multi)            |           ExaModels (gpu)             |
      |  obj     con    grad     jac    hess  |  obj     con    grad     jac    hess  |  obj     con    grad     jac    hess  |
===============================================================================================================================
  LV1 |2.4e-06 2.4e-06 1.8e-06 3.8e-06 4.2e-05|4.2e-06 4.0e-06 7.5e-06 6.0e-06 4.8e-05|3.6e-05 1.9e-05 3.7e-05 2.4e-05 4.9e-05|
  LV2 |1.7e-05 1.6e-05 1.4e-05 3.1e-05 1.7e-04|1.9e-05 1.7e-05 2.1e-05 3.2e-05 1.2e-04|4.6e-05 3.2e-05 4.3e-05 5.1e-05 7.8e-05|
  LV3 |1.6e-04 1.6e-04 1.4e-04 3.2e-04 4.0e-03|1.7e-04 1.6e-04 1.9e-04 3.0e-04 6.6e-04|4.9e-05 4.8e-05 4.3e-05 5.2e-05 8.3e-05|
  QR1 |5.0e-06 4.5e-06 3.1e-06 7.2e-06 2.8e-05|1.1e-05 2.5e-05 1.3e-05 2.6e-05 4.2e-05|5.9e-05 1.0e-04 5.8e-05 1.2e-04 1.8e-04|
  QR2 |3.4e-05 3.0e-05 2.2e-05 5.2e-05 3.5e-04|4.4e-05 7.2e-05 5.5e-05 7.6e-05 3.7e-04|7.1e-05 1.3e-04 6.3e-05 2.7e-04 6.1e-04|
  QR3 |3.4e-04 3.0e-04 2.3e-04 5.3e-04 1.1e-03|4.1e-04 3.1e-04 4.8e-04 6.1e-04 4.2e-03|8.4e-05 2.9e-04 8.5e-05 3.8e-04 5.2e-04|
  DC1 |4.1e-06 6.3e-06 4.0e-06 6.5e-06 4.9e-05|9.6e-06 2.4e-05 1.1e-05 3.6e-05 7.7e-05|5.0e-05 1.0e-04 5.2e-05 1.1e-04 1.4e-04|
  DC2 |2.0e-06 1.9e-05 2.5e-06 2.1e-05 2.1e-04|7.1e-06 2.9e-05 7.3e-06 3.9e-05 6.1e-05|4.4e-05 9.8e-05 4.8e-05 1.0e-04 1.5e-04|
  DC3 |8.0e-06 1.2e-04 9.1e-06 2.1e-04 4.0e-03|1.3e-05 1.4e-04 1.7e-05 2.5e-04 4.1e-03|5.6e-05 1.1e-04 4.8e-05 1.1e-04 1.6e-04|
  PF1 |2.5e-06 1.8e-05 1.6e-06 1.9e-05 2.3e-04|3.4e-06 4.3e-05 4.3e-06 4.5e-05 3.6e-04|3.5e-05 1.7e-04 3.3e-05 1.6e-04 2.0e-04|
  PF2 |3.7e-06 1.7e-04 3.9e-06 1.9e-04 2.4e-03|5.6e-06 2.2e-04 7.9e-06 2.4e-04 2.4e-03|3.8e-05 2.2e-04 3.2e-05 2.1e-04 4.2e-04|
  PF3 |1.2e-05 1.4e-03 2.1e-05 1.6e-03 2.3e-02|1.5e-05 1.7e-03 2.9e-05 1.8e-03 1.7e-02|4.9e-05 2.5e-04 4.5e-05 5.6e-04 6.2e-04|
===============================================================================================================================
 Case |                 JuMP                  |                 AMPL                  |
      |  obj     con    grad     jac    hess  |  obj     con    grad     jac    hess  |
=======================================================================================
  LV1 |6.7e-07 8.7e-07 2.5e-06 5.6e-06 7.0e-05|2.4e-06 7.2e-06 4.1e-06 1.1e-05 1.7e-04|
  LV2 |1.0e-06 4.0e-06 1.5e-05 5.7e-05 7.6e-04|2.5e-05 1.1e-04 5.5e-05 1.9e-04 5.7e-04|
  LV3 |6.0e-06 1.5e-04 1.8e-04 1.8e-03 1.3e-02|5.0e-04 2.2e-03 1.2e-03 3.7e-03 2.3e-02|
  QR1 |1.0e-06 2.6e-06 9.8e-07 1.8e-05 1.8e-04|7.5e-06 2.5e-05 6.5e-06 3.4e-05 1.9e-04|
  QR2 |6.6e-06 2.7e-05 6.3e-06 2.1e-04 2.5e-03|5.7e-05 1.8e-04 5.9e-05 3.2e-04 1.1e-03|
  QR3 |7.3e-05 6.1e-04 7.5e-05 4.7e-03 2.9e-02|1.1e-03 4.6e-03 1.1e-03 8.3e-03 3.0e-02|
  DC1 |6.9e-07 4.7e-06 3.6e-07 3.2e-06 1.2e-05|3.0e-06 1.4e-05 4.5e-06 3.9e-05 2.7e-04|
  DC2 |1.0e-06 2.6e-05 8.4e-07 2.5e-05 6.1e-05|1.4e-05 1.4e-04 3.5e-05 3.1e-04 1.7e-03|
  DC3 |2.8e-06 2.4e-04 6.1e-06 2.5e-04 1.5e-03|3.3e-04 4.0e-03 1.4e-03 7.8e-03 3.5e-02|
  PF1 |5.5e-07 1.2e-04 6.0e-07 6.8e-05 8.4e-04|2.3e-06 5.9e-05 2.7e-06 1.7e-04 1.3e-03|
  PF2 |8.6e-07 3.2e-03 3.1e-06 1.9e-03 1.7e-02|2.0e-05 1.1e-03 2.8e-05 2.5e-03 1.1e-02|
  PF3 |2.5e-06 2.6e-02 1.2e-05 1.7e-02 1.4e-01|3.8e-04 1.5e-02 5.9e-04 2.8e-02 1.2e-01|
=======================================================================================
  * commit : 727075cf5c7c7954c088a725a6cdb6b4aadad036
  * CPU    : 11th Gen Intel(R) Core(TM) i9-11900H @ 2.50GHz (nthreads = 1)
  * GPU    : NVIDIA GeForce RTX 3060 Laptop GPU
